2,3c2,3
<   <root version="16" oct="PRTG Network Monitor 18.1.37.13946" saved="2/26/2019 2:54:23 AM" max="2017" guid="{221B25D6-9282-418B-8364-F59561032EE3}" treeversion="0" created="2019-02-02-23-18-27" trial="42f234beedd545338910317db1fca74dbe84030f">
<     <statistics time="26-02-2019 02:50:23">
---
>   <root version="16" oct="PRTG Network Monitor 18.1.37.13946" saved="7/14/2018 3:13:37 AM" max="2016" guid="{221B25D6-9282-418B-8364-F59561032EE3}" treeversion="0" created="2019-02-02-23-18-27" trial="42f234beedd545338910317db1fca74dbe84030f">
>     <statistics time="03-02-2019 18:43:05">
5c5
<         0,0,0,0,0,0,0,0,0,0,0,0,0,0,0,0,0,0,0,0,0,0,0,0,0,0,0,0,0,0,0,0,0,0,0,0,0,0,0,0,0,0,0,0,0,0,0,0,0,0,0,0,0,0,0,0,0,0,0,0,0,0,0,0,0,0,0,0,0,0,0,0,0,0,0,0,0,0,0,0,0,0,0,0,0,0,0,0,0,0,0,0,0,0,0,0,0,0,0,0,0,0,0,0,0,0,0,0,0,0,0,0,0,0,0,0,0,0,0,0,0,0,0,0,0,0,0,0,0,0,0,0,0,0,0,0,0,0,0,0,0,0,0,0,0,0,0,0,0,0,0,0,0,0,0,0,0,0,0,0,0,0,0,0,0,0,0,0,0,0,0,0,0,0,0,0,0,0,0,0,0,0,0,0,0,0,0,0,0,0,0,0,0,0,0,0,0,0,0,0,0,0,0,0,0,0,0,0,0,0,0,0,0,0,0,0,0,0,0,0,0,0,0,0,0,0,0,0,0,0,0,0,0,0,0,0,0,0,0,0,0,0,0,0,0,0,0,0,0,0,0,0,0,0,0,0,0,0,0,0,0,0,0,0,0,0,0,0,0,0,0,0,0,0,0,0,0,0,0,0,0,0,0,0,0,0,0,0,0,0,0,0,0,0,0,0,0,0,0,0,0,0,0,0,0,0,0,0,0,0,0,0,0,0,0,0,0,0,0,0,0,0,0,0,0,0,0,0,0,0,0,0,0,0,0,0,0,0,0,0,0,0,0,0,0,0,34,0,0,0,0,0,0,0,0,0,0,0,0,0,0,0,0,0,0,0,0,0,36,3
---
>         0,0,0,0,0,0,0,0,0,0,0,0,0,0,0,0,0,0,0,0,0,0,0,0,0,0,0,0,0,0,0,0,0,0,0,0,0,0,0,0,0,0,0,0,0,0,0,0,0,0,0,0,0,0,0,0,0,0,0,0,0,0,0,0,0,0,0,0,0,0,0,0,0,0,0,0,0,0,0,0,0,0,0,0,0,0,0,0,0,0,0,0,0,0,0,0,0,0,0,0,0,0,0,0,0,0,0,0,0,0,0,0,0,0,0,0,0,0,0,0,0,0,0,0,0,0,0,0,0,0,0,0,0,0,0,0,0,0,0,0,0,0,0,0,0,0,0,0,0,0,0,0,0,0,0,0,0,0,0,0,0,0,0,0,0,0,0,0,0,0,0,0,0,0,0,0,0,0,0,0,0,0,0,0,0,0,0,0,0,0,0,0,0,0,0,0,0,0,0,0,0,0,0,0,0,0,0,0,0,0,0,0,0,0,0,0,0,0,0,0,0,0,0,0,0,0,0,0,0,0,0,0,0,0,0,0,0,0,0,0,0,0,0,0,0,0,0,0,0,0,0,0,0,0,0,0,0,0,0,0,0,0,0,0,0,0,0,0,0,0,0,0,0,0,0,0,0,0,0,0,0,0,0,0,0,0,0,0,0,0,0,0,0,0,0,0,0,0,0,0,0,0,0,0,0,0,0,0,0,0,0,0,0,0,0,0,0,0,0,0,0,0,0,0,0,0,0,0,0,0,0,0,0,0,0,0,0,0,0,0,0,0,0,0,0,0,0,0,0,0,0,0,0,0,0,0,0,0,0,0,0,0,0,0,0,0,0,0,0,30
11c11
<         0,0,0,0,0,0,0,0,0,0,0,0,0,0,0,0,0,0,0,0,0,0,0,0,0,0,0,0,0,0,0,0,0,0,0,0,0,0,0,0,0,0,0,0,0,0,0,0,0,0,0,0,0,0,0,0,0,0,0,0,0,0,0,0,0,0,0,0,0,0,0,0,0,0,0,0,0,0,0,0,0,0,0,0,0,0,0,0,0,0,0,0,0,0,0,0,0,0,0,0,0,0,0,0,0,0,0,0,0,0,0,0,0,0,0,0,0,0,0,0,0,0,0,0,0,0,0,0,0,0,0,0,0,0,0,0,0,0,0,0,0,0,0,0,0,0,0,0,0,0,0,0,0,0,0,0,0,0,0,0,0,0,0,0,0,0,0,0,0,0,0,0,0,0,0,0,0,0,0,0,0,0,0,0,0,0,0,0,0,0,0,0,0,0,0,0,0,0,0,0,0,0,0,0,0,0,0,0,0,0,0,0,0,0,0,0,0,0,0,0,0,0,0,0,0,0,0,0,0,0,0,0,0,0,0,0,0,0,0,0,0,0,0,0,0,0,0,0,0,0,0,0,0,0,0,0,0,0,0,0,0,0,0,0,0,0,0,0,0,0,0,0,0,0,0,0,0,0,0,0,0,0,0,0,0,0,0,0,0,0,0,0,0,0,0,0,0,0,0,0,0,0,0,0,0,0,0,0,0,0,0,0,0,0,0,0,0,0,0,0,0,0,0,0,0,0,0,0,0,0,0,0,0,0,0,0,0,0,0,0,0,0,0,0,0,0,2,0,0,0,0,0,0,0,0,0,0,0,0,0,0,0,0,0,0,0,0,0,2,2
---
>         0,0,0,0,0,0,0,0,0,0,0,0,0,0,0,0,0,0,0,0,0,0,0,0,0,0,0,0,0,0,0,0,0,0,0,0,0,0,0,0,0,0,0,0,0,0,0,0,0,0,0,0,0,0,0,0,0,0,0,0,0,0,0,0,0,0,0,0,0,0,0,0,0,0,0,0,0,0,0,0,0,0,0,0,0,0,0,0,0,0,0,0,0,0,0,0,0,0,0,0,0,0,0,0,0,0,0,0,0,0,0,0,0,0,0,0,0,0,0,0,0,0,0,0,0,0,0,0,0,0,0,0,0,0,0,0,0,0,0,0,0,0,0,0,0,0,0,0,0,0,0,0,0,0,0,0,0,0,0,0,0,0,0,0,0,0,0,0,0,0,0,0,0,0,0,0,0,0,0,0,0,0,0,0,0,0,0,0,0,0,0,0,0,0,0,0,0,0,0,0,0,0,0,0,0,0,0,0,0,0,0,0,0,0,0,0,0,0,0,0,0,0,0,0,0,0,0,0,0,0,0,0,0,0,0,0,0,0,0,0,0,0,0,0,0,0,0,0,0,0,0,0,0,0,0,0,0,0,0,0,0,0,0,0,0,0,0,0,0,0,0,0,0,0,0,0,0,0,0,0,0,0,0,0,0,0,0,0,0,0,0,0,0,0,0,0,0,0,0,0,0,0,0,0,0,0,0,0,0,0,0,0,0,0,0,0,0,0,0,0,0,0,0,0,0,0,0,0,0,0,0,0,0,0,0,0,0,0,0,0,0,0,0,0,0,0,0,0,0,0,0,0,0,0,0,0,0,0,0,0,0,0,0,0,0,0,0,0,0,2
14c14
<         0,0,0,0,0,0,0,0,0,0,0,0,0,0,0,0,0,0,0,0,0,0,0,0,0,0,0,0,0,0,0,0,0,0,0,0,0,0,0,0,0,0,0,0,0,0,0,0,0,0,0,0,0,0,0,0,0,0,0,0,0,0,0,0,0,0,0,0,0,0,0,0,0,0,0,0,0,0,0,0,0,0,0,0,0,0,0,0,0,0,0,0,0,0,0,0,0,0,0,0,0,0,0,0,0,0,0,0,0,0,0,0,0,0,0,0,0,0,0,0,0,0,0,0,0,0,0,0,0,0,0,0,0,0,0,0,0,0,0,0,0,0,0,0,0,0,0,0,0,0,0,0,0,0,0,0,0,0,0,0,0,0,0,0,0,0,0,0,0,0,0,0,0,0,0,0,0,0,0,0,0,0,0,0,0,0,0,0,0,0,0,0,0,0,0,0,0,0,0,0,0,0,0,0,0,0,0,0,0,0,0,0,0,0,0,0,0,0,0,0,0,0,0,0,0,0,0,0,0,0,0,0,0,0,0,0,0,0,0,0,0,0,0,0,0,0,0,0,0,0,0,0,0,0,0,0,0,0,0,0,0,0,0,0,0,0,0,0,0,0,0,0,0,0,0,0,0,0,0,0,0,0,0,0,0,0,0,0,0,0,0,0,0,0,0,0,0,0,0,0,0,0,0,0,0,0,0,0,0,0,0,0,0,0,0,0,0,0,0,0,0,0,0,0,0,0,0,0,0,0,0,0,0,0,0,0,0,0,0,0,0,0,0,0,0,0,0,0,0,0,0,0,0,0,0,0,0,0,0,0,0,0,0,0,0,0,0,0,11,1
---
>         0,0,0,0,0,0,0,0,0,0,0,0,0,0,0,0,0,0,0,0,0,0,0,0,0,0,0,0,0,0,0,0,0,0,0,0,0,0,0,0,0,0,0,0,0,0,0,0,0,0,0,0,0,0,0,0,0,0,0,0,0,0,0,0,0,0,0,0,0,0,0,0,0,0,0,0,0,0,0,0,0,0,0,0,0,0,0,0,0,0,0,0,0,0,0,0,0,0,0,0,0,0,0,0,0,0,0,0,0,0,0,0,0,0,0,0,0,0,0,0,0,0,0,0,0,0,0,0,0,0,0,0,0,0,0,0,0,0,0,0,0,0,0,0,0,0,0,0,0,0,0,0,0,0,0,0,0,0,0,0,0,0,0,0,0,0,0,0,0,0,0,0,0,0,0,0,0,0,0,0,0,0,0,0,0,0,0,0,0,0,0,0,0,0,0,0,0,0,0,0,0,0,0,0,0,0,0,0,0,0,0,0,0,0,0,0,0,0,0,0,0,0,0,0,0,0,0,0,0,0,0,0,0,0,0,0,0,0,0,0,0,0,0,0,0,0,0,0,0,0,0,0,0,0,0,0,0,0,0,0,0,0,0,0,0,0,0,0,0,0,0,0,0,0,0,0,0,0,0,0,0,0,0,0,0,0,0,0,0,0,0,0,0,0,0,0,0,0,0,0,0,0,0,0,0,0,0,0,0,0,0,0,0,0,0,0,0,0,0,0,0,0,0,0,0,0,0,0,0,0,0,0,0,0,0,0,0,0,0,0,0,0,0,0,0,0,0,0,0,0,0,0,0,0,0,0,0,0,0,0,0,0,0,0,0,0,0,0,0,0
17c17
<         0,0,0,0,0,0,0,0,0,0,0,0,0,0,0,0,0,0,0,0,0,0,0,0,0,0,0,0,0,0,0,0,0,0,0,0,0,0,0,0,0,0,0,0,0,0,0,0,0,0,0,0,0,0,0,0,0,0,0,0,0,0,0,0,0,0,0,0,0,0,0,0,0,0,0,0,0,0,0,0,0,0,0,0,0,0,0,0,0,0,0,0,0,0,0,0,0,0,0,0,0,0,0,0,0,0,0,0,0,0,0,0,0,0,0,0,0,0,0,0,0,0,0,0,0,0,0,0,0,0,0,0,0,0,0,0,0,0,0,0,0,0,0,0,0,0,0,0,0,0,0,0,0,0,0,0,0,0,0,0,0,0,0,0,0,0,0,0,0,0,0,0,0,0,0,0,0,0,0,0,0,0,0,0,0,0,0,0,0,0,0,0,0,0,0,0,0,0,0,0,0,0,0,0,0,0,0,0,0,0,0,0,0,0,0,0,0,0,0,0,0,0,0,0,0,0,0,0,0,0,0,0,0,0,0,0,0,0,0,0,0,0,0,0,0,0,0,0,0,0,0,0,0,0,0,0,0,0,0,0,0,0,0,0,0,0,0,0,0,0,0,0,0,0,0,0,0,0,0,0,0,0,0,0,0,0,0,0,0,0,0,0,0,0,0,0,0,0,0,0,0,0,0,0,0,0,0,0,0,0,0,0,0,0,0,0,0,0,0,0,0,0,0,0,0,0,0,0,0,0,0,0,0,0,0,0,0,0,0,0,0,0,0,0,0,0,32,0,0,0,0,0,0,0,0,0,0,0,0,0,0,0,0,0,0,0,0,0,733,245
---
>         0,0,0,0,0,0,0,0,0,0,0,0,0,0,0,0,0,0,0,0,0,0,0,0,0,0,0,0,0,0,0,0,0,0,0,0,0,0,0,0,0,0,0,0,0,0,0,0,0,0,0,0,0,0,0,0,0,0,0,0,0,0,0,0,0,0,0,0,0,0,0,0,0,0,0,0,0,0,0,0,0,0,0,0,0,0,0,0,0,0,0,0,0,0,0,0,0,0,0,0,0,0,0,0,0,0,0,0,0,0,0,0,0,0,0,0,0,0,0,0,0,0,0,0,0,0,0,0,0,0,0,0,0,0,0,0,0,0,0,0,0,0,0,0,0,0,0,0,0,0,0,0,0,0,0,0,0,0,0,0,0,0,0,0,0,0,0,0,0,0,0,0,0,0,0,0,0,0,0,0,0,0,0,0,0,0,0,0,0,0,0,0,0,0,0,0,0,0,0,0,0,0,0,0,0,0,0,0,0,0,0,0,0,0,0,0,0,0,0,0,0,0,0,0,0,0,0,0,0,0,0,0,0,0,0,0,0,0,0,0,0,0,0,0,0,0,0,0,0,0,0,0,0,0,0,0,0,0,0,0,0,0,0,0,0,0,0,0,0,0,0,0,0,0,0,0,0,0,0,0,0,0,0,0,0,0,0,0,0,0,0,0,0,0,0,0,0,0,0,0,0,0,0,0,0,0,0,0,0,0,0,0,0,0,0,0,0,0,0,0,0,0,0,0,0,0,0,0,0,0,0,0,0,0,0,0,0,0,0,0,0,0,0,0,0,0,0,0,0,0,0,0,0,0,0,0,0,0,0,0,0,0,0,0,0,0,0,0,0,30
20c20
<         0,0,0,0,0,0,0,0,0,0,0,0,0,0,0,0,0,0,0,0,0,0,0,0,0,0,0,0,0,0,0,0,0,0,0,0,0,0,0,0,0,0,0,0,0,0,0,0,0,0,0,0,0,0,0,0,0,0,0,0,0,0,0,0,0,0,0,0,0,0,0,0,0,0,0,0,0,0,0,0,0,0,0,0,0,0,0,0,0,0,0,0,0,0,0,0,0,0,0,0,0,0,0,0,0,0,0,0,0,0,0,0,0,0,0,0,0,0,0,0,0,0,0,0,0,0,0,0,0,0,0,0,0,0,0,0,0,0,0,0,0,0,0,0,0,0,0,0,0,0,0,0,0,0,0,0,0,0,0,0,0,0,0,0,0,0,0,0,0,0,0,0,0,0,0,0,0,0,0,0,0,0,0,0,0,0,0,0,0,0,0,0,0,0,0,0,0,0,0,0,0,0,0,0,0,0,0,0,0,0,0,0,0,0,0,0,0,0,0,0,0,0,0,0,0,0,0,0,0,0,0,0,0,0,0,0,0,0,0,0,0,0,0,0,0,0,0,0,0,0,0,0,0,0,0,0,0,0,0,0,0,0,0,0,0,0,0,0,0,0,0,0,0,0,0,0,0,0,0,0,0,0,0,0,0,0,0,0,0,0,0,0,0,0,0,0,0,0,0,0,0,0,0,0,0,0,0,0,0,0,0,0,0,0,0,0,0,0,0,0,0,0,0,0,0,0,0,0,0,0,0,0,0,0,0,0,0,0,0,0,0,0,0,0,0,0,8,0,0,0,0,0,0,0,0,0,0,0,0,0,0,0,0,0,0,0,0,0,8,9
---
>         0,0,0,0,0,0,0,0,0,0,0,0,0,0,0,0,0,0,0,0,0,0,0,0,0,0,0,0,0,0,0,0,0,0,0,0,0,0,0,0,0,0,0,0,0,0,0,0,0,0,0,0,0,0,0,0,0,0,0,0,0,0,0,0,0,0,0,0,0,0,0,0,0,0,0,0,0,0,0,0,0,0,0,0,0,0,0,0,0,0,0,0,0,0,0,0,0,0,0,0,0,0,0,0,0,0,0,0,0,0,0,0,0,0,0,0,0,0,0,0,0,0,0,0,0,0,0,0,0,0,0,0,0,0,0,0,0,0,0,0,0,0,0,0,0,0,0,0,0,0,0,0,0,0,0,0,0,0,0,0,0,0,0,0,0,0,0,0,0,0,0,0,0,0,0,0,0,0,0,0,0,0,0,0,0,0,0,0,0,0,0,0,0,0,0,0,0,0,0,0,0,0,0,0,0,0,0,0,0,0,0,0,0,0,0,0,0,0,0,0,0,0,0,0,0,0,0,0,0,0,0,0,0,0,0,0,0,0,0,0,0,0,0,0,0,0,0,0,0,0,0,0,0,0,0,0,0,0,0,0,0,0,0,0,0,0,0,0,0,0,0,0,0,0,0,0,0,0,0,0,0,0,0,0,0,0,0,0,0,0,0,0,0,0,0,0,0,0,0,0,0,0,0,0,0,0,0,0,0,0,0,0,0,0,0,0,0,0,0,0,0,0,0,0,0,0,0,0,0,0,0,0,0,0,0,0,0,0,0,0,0,0,0,0,0,0,0,0,0,0,0,0,0,0,0,0,0,0,0,0,0,0,0,0,0,0,0,0,0,8
23c23
<         0,0,0,0,0,0,0,0,0,0,0,0,0,0,0,0,0,0,0,0,0,0,0,0,0,0,0,0,0,0,0,0,0,0,0,0,0,0,0,0,0,0,0,0,0,0,0,0,0,0,0,0,0,0,0,0,0,0,0,0,0,0,0,0,0,0,0,0,0,0,0,0,0,0,0,0,0,0,0,0,0,0,0,0,0,0,0,0,0,0,0,0,0,0,0,0,0,0,0,0,0,0,0,0,0,0,0,0,0,0,0,0,0,0,0,0,0,0,0,0,0,0,0,0,0,0,0,0,0,0,0,0,0,0,0,0,0,0,0,0,0,0,0,0,0,0,0,0,0,0,0,0,0,0,0,0,0,0,0,0,0,0,0,0,0,0,0,0,0,0,0,0,0,0,0,0,0,0,0,0,0,0,0,0,0,0,0,0,0,0,0,0,0,0,0,0,0,0,0,0,0,0,0,0,0,0,0,0,0,0,0,0,0,0,0,0,0,0,0,0,0,0,0,0,0,0,0,0,0,0,0,0,0,0,0,0,0,0,0,0,0,0,0,0,0,0,0,0,0,0,0,0,0,0,0,0,0,0,0,0,0,0,0,0,0,0,0,0,0,0,0,0,0,0,0,0,0,0,0,0,0,0,0,0,0,0,0,0,0,0,0,0,0,0,0,0,0,0,0,0,0,0,0,0,0,0,0,0,0,0,0,0,0,0,0,0,0,0,0,0,0,0,0,0,0,0,0,0,0,0,0,0,0,0,0,0,0,0,0,0,0,0,0,0,0,0,6,0,0,0,0,0,0,0,0,0,0,0,0,0,0,0,0,0,0,0,0,0,6,6
---
>         0,0,0,0,0,0,0,0,0,0,0,0,0,0,0,0,0,0,0,0,0,0,0,0,0,0,0,0,0,0,0,0,0,0,0,0,0,0,0,0,0,0,0,0,0,0,0,0,0,0,0,0,0,0,0,0,0,0,0,0,0,0,0,0,0,0,0,0,0,0,0,0,0,0,0,0,0,0,0,0,0,0,0,0,0,0,0,0,0,0,0,0,0,0,0,0,0,0,0,0,0,0,0,0,0,0,0,0,0,0,0,0,0,0,0,0,0,0,0,0,0,0,0,0,0,0,0,0,0,0,0,0,0,0,0,0,0,0,0,0,0,0,0,0,0,0,0,0,0,0,0,0,0,0,0,0,0,0,0,0,0,0,0,0,0,0,0,0,0,0,0,0,0,0,0,0,0,0,0,0,0,0,0,0,0,0,0,0,0,0,0,0,0,0,0,0,0,0,0,0,0,0,0,0,0,0,0,0,0,0,0,0,0,0,0,0,0,0,0,0,0,0,0,0,0,0,0,0,0,0,0,0,0,0,0,0,0,0,0,0,0,0,0,0,0,0,0,0,0,0,0,0,0,0,0,0,0,0,0,0,0,0,0,0,0,0,0,0,0,0,0,0,0,0,0,0,0,0,0,0,0,0,0,0,0,0,0,0,0,0,0,0,0,0,0,0,0,0,0,0,0,0,0,0,0,0,0,0,0,0,0,0,0,0,0,0,0,0,0,0,0,0,0,0,0,0,0,0,0,0,0,0,0,0,0,0,0,0,0,0,0,0,0,0,0,0,0,0,0,0,0,0,0,0,0,0,0,0,0,0,0,0,0,0,0,0,0,0,0,6
26c26
<         0,0,0,0,0,0,0,0,0,0,0,0,0,0,0,0,0,0,0,0,0,0,0,0,0,0,0,0,0,0,0,0,0,0,0,0,0,0,0,0,0,0,0,0,0,0,0,0,0,0,0,0,0,0,0,0,0,0,0,0,0,0,0,0,0,0,0,0,0,0,0,0,0,0,0,0,0,0,0,0,0,0,0,0,0,0,0,0,0,0,0,0,0,0,0,0,0,0,0,0,0,0,0,0,0,0,0,0,0,0,0,0,0,0,0,0,0,0,0,0,0,0,0,0,0,0,0,0,0,0,0,0,0,0,0,0,0,0,0,0,0,0,0,0,0,0,0,0,0,0,0,0,0,0,0,0,0,0,0,0,0,0,0,0,0,0,0,0,0,0,0,0,0,0,0,0,0,0,0,0,0,0,0,0,0,0,0,0,0,0,0,0,0,0,0,0,0,0,0,0,0,0,0,0,0,0,0,0,0,0,0,0,0,0,0,0,0,0,0,0,0,0,0,0,0,0,0,0,0,0,0,0,0,0,0,0,0,0,0,0,0,0,0,0,0,0,0,0,0,0,0,0,0,0,0,0,0,0,0,0,0,0,0,0,0,0,0,0,0,0,0,0,0,0,0,0,0,0,0,0,0,0,0,0,0,0,0,0,0,0,0,0,0,0,0,0,0,0,0,0,0,0,0,0,0,0,0,0,0,0,0,0,0,0,0,0,0,0,0,0,0,0,0,0,0,0,0,0,0,0,0,0,0,0,0,0,0,0,0,0,0,0,0,0,0,0,15,0,0,0,0,0,0,0,0,0,0,0,0,0,0,0,0,0,0,0,0,0,15,15
---
>         0,0,0,0,0,0,0,0,0,0,0,0,0,0,0,0,0,0,0,0,0,0,0,0,0,0,0,0,0,0,0,0,0,0,0,0,0,0,0,0,0,0,0,0,0,0,0,0,0,0,0,0,0,0,0,0,0,0,0,0,0,0,0,0,0,0,0,0,0,0,0,0,0,0,0,0,0,0,0,0,0,0,0,0,0,0,0,0,0,0,0,0,0,0,0,0,0,0,0,0,0,0,0,0,0,0,0,0,0,0,0,0,0,0,0,0,0,0,0,0,0,0,0,0,0,0,0,0,0,0,0,0,0,0,0,0,0,0,0,0,0,0,0,0,0,0,0,0,0,0,0,0,0,0,0,0,0,0,0,0,0,0,0,0,0,0,0,0,0,0,0,0,0,0,0,0,0,0,0,0,0,0,0,0,0,0,0,0,0,0,0,0,0,0,0,0,0,0,0,0,0,0,0,0,0,0,0,0,0,0,0,0,0,0,0,0,0,0,0,0,0,0,0,0,0,0,0,0,0,0,0,0,0,0,0,0,0,0,0,0,0,0,0,0,0,0,0,0,0,0,0,0,0,0,0,0,0,0,0,0,0,0,0,0,0,0,0,0,0,0,0,0,0,0,0,0,0,0,0,0,0,0,0,0,0,0,0,0,0,0,0,0,0,0,0,0,0,0,0,0,0,0,0,0,0,0,0,0,0,0,0,0,0,0,0,0,0,0,0,0,0,0,0,0,0,0,0,0,0,0,0,0,0,0,0,0,0,0,0,0,0,0,0,0,0,0,0,0,0,0,0,0,0,0,0,0,0,0,0,0,0,0,0,0,0,0,0,0,0,15
29c29
<         0,0,0,0,0,0,0,0,0,0,0,0,0,0,0,0,0,0,0,0,0,0,0,0,0,0,0,0,0,0,0,0,0,0,0,0,0,0,0,0,0,0,0,0,0,0,0,0,0,0,0,0,0,0,0,0,0,0,0,0,0,0,0,0,0,0,0,0,0,0,0,0,0,0,0,0,0,0,0,0,0,0,0,0,0,0,0,0,0,0,0,0,0,0,0,0,0,0,0,0,0,0,0,0,0,0,0,0,0,0,0,0,0,0,0,0,0,0,0,0,0,0,0,0,0,0,0,0,0,0,0,0,0,0,0,0,0,0,0,0,0,0,0,0,0,0,0,0,0,0,0,0,0,0,0,0,0,0,0,0,0,0,0,0,0,0,0,0,0,0,0,0,0,0,0,0,0,0,0,0,0,0,0,0,0,0,0,0,0,0,0,0,0,0,0,0,0,0,0,0,0,0,0,0,0,0,0,0,0,0,0,0,0,0,0,0,0,0,0,0,0,0,0,0,0,0,0,0,0,0,0,0,0,0,0,0,0,0,0,0,0,0,0,0,0,0,0,0,0,0,0,0,0,0,0,0,0,0,0,0,0,0,0,0,0,0,0,0,0,0,0,0,0,0,0,0,0,0,0,0,0,0,0,0,0,0,0,0,0,0,0,0,0,0,0,0,0,0,0,0,0,0,0,0,0,0,0,0,0,0,0,0,0,0,0,0,0,0,0,0,0,0,0,0,0,0,0,0,0,0,0,0,0,0,0,0,0,0,0,0,0,0,0,0,0,0,366,0,0,0,0,0,0,0,0,0,0,0,0,0,0,0,0,0,0,0,0,0,12971,3258
---
>         0,0,0,0,0,0,0,0,0,0,0,0,0,0,0,0,0,0,0,0,0,0,0,0,0,0,0,0,0,0,0,0,0,0,0,0,0,0,0,0,0,0,0,0,0,0,0,0,0,0,0,0,0,0,0,0,0,0,0,0,0,0,0,0,0,0,0,0,0,0,0,0,0,0,0,0,0,0,0,0,0,0,0,0,0,0,0,0,0,0,0,0,0,0,0,0,0,0,0,0,0,0,0,0,0,0,0,0,0,0,0,0,0,0,0,0,0,0,0,0,0,0,0,0,0,0,0,0,0,0,0,0,0,0,0,0,0,0,0,0,0,0,0,0,0,0,0,0,0,0,0,0,0,0,0,0,0,0,0,0,0,0,0,0,0,0,0,0,0,0,0,0,0,0,0,0,0,0,0,0,0,0,0,0,0,0,0,0,0,0,0,0,0,0,0,0,0,0,0,0,0,0,0,0,0,0,0,0,0,0,0,0,0,0,0,0,0,0,0,0,0,0,0,0,0,0,0,0,0,0,0,0,0,0,0,0,0,0,0,0,0,0,0,0,0,0,0,0,0,0,0,0,0,0,0,0,0,0,0,0,0,0,0,0,0,0,0,0,0,0,0,0,0,0,0,0,0,0,0,0,0,0,0,0,0,0,0,0,0,0,0,0,0,0,0,0,0,0,0,0,0,0,0,0,0,0,0,0,0,0,0,0,0,0,0,0,0,0,0,0,0,0,0,0,0,0,0,0,0,0,0,0,0,0,0,0,0,0,0,0,0,0,0,0,0,0,0,0,0,0,0,0,0,0,0,0,0,0,0,0,0,0,0,0,0,0,0,0,0,334
33,39c33,36
<       <geostat day="25-02-2019">
<         <geompV2>
<           12
<         </geompV2>
<         <geomcV2>
<           12
<         </geomcV2>
---
>       <geostat day="02-02-2019">
>         <geolpV2>
>           1
>         </geolpV2>
41c38
<       <geostat day="24-02-2019"/>
---
>       <geostat day="03-02-2019"/>
144,146c141,142
<               <flags>
<                 <encrypted/>
<               </flags>
---
> 	      <!-- User: prtgadmin -->
> 	      PrTg@dmin2018
317c313
<                 77RULO2GA4Q3RVEUZ77IMPLVKABRRS2UNR3Q====
---
>                 6SLJOGVBYWJF5ZMURQWHEPJ3C3WT2NQDJOZA====
325c321
<                 IVK3MVDI6HCMYIRYQN264YLIRXNJWMB6NT3Q====
---
>                 ILD5YN3TROUJXG6ECLVDRKIPKTBKE274FTNQ====
494c490
<                 7O53HBB2EPXZUIEQ6BVKQGBGERNIUSSIWV4G2YYY3CNWLZQ=
---
>                 IB2AZZ5JCUGXKQJPDR2H7NGEMGYJQ3TLU7M4Q53JARZPC3Y=
562,563c558
<                   <flags>
<                     <encrypted/>
---
>                   <flags>                 
883c878
<                     UE2WTBQVMF5UUTSMZ3KOWFWVNFWHUI7COINQ====
---
>                     N2GTUMO5FFKTWV3OPKWLJVH5XORCB5DVWWWQ====
892c887
<                     W4NYIULW4LX2QLFIPNJYM5Q6R3SCIDGZ4R5A====
---
>                     JSHOKGVCCK4DYXNXFX7AZ47VUEFTLY5JZFSQ====
1142c1137
<                     XVR4N5VIIUI5IOSLLP2WYRHPROOEJUMUOEEF5CG63ZC37KA=
---
>                     LJPCDMOFRUHQXUZ3BZJ6AXH4TCN7FTI5IFRJFLIPLC3D7PQ=
1159c1154
<                     GP7R63EJPZOFV6BI5GGSKUI574ADI4TCHDHXJPPV3CH4XB4E4K5Q====
---
>                     DAY72HWFZXYF2OMJ2TAC5KZ32BCMUHDXHZLM7Y3WRAGQNLKFEUMA====
1222d1216
<                         <encrypted/>
1542c1536
<                         TE52OFLXJHTCPZTAAPQZRC2GAUBJP5XBUJXA====
---
>                         AZTJYH2XCAHDGD7JTBHF5E2NJNKC2W7RQYVQ====
1551c1545
<                         N4RIR2FJTEUA5BA6TZTTD2BJGCJ5OT7L47IA====
---
>                         URUDVRTEDC5PFVOAUFU7DMZVDIRJLXPNYTMA====
1801c1795
<                         GXM4FGTBYC3QIUTZ3ICSJW4JZTKZJ6VFZUKFTZTKO3MT6PA=
---
>                         OKIBCSFMZYZJ6C7SDBGC4APW5SQ5FNBGCEGBP7KMP32LGUA=
1941c1935
<                             NMAVCXWTEORGXUCUHBNVEVN67EICBAE7OHOCIXSNL2CIR2I=
---
>                             6AAN3ZBS47W2IMJ2ACVJJHWCLO2SEJ2DHSZCZKGIJFGCZTA=
2737c2731
<                             SEMAUGCC2RMX47SALOKDHHGDM3KBKGUVOFBJ2KJQSVKVBSY=
---
>                             T2EW22L5SLRHPR4SPTQLVIJUYJINJERJ7CJ7RQBRAG5JLYI=
3929c3923
<                             E7MF4SQS5JIBVXCXTKBFNVAZWSGDW6CBHHKPXEG5SXGCWRY=
---
>                             7SCYTRCGICUOMTMRKCIQ4XM4CMNDFQTCQBDHENVJSZZNUAY=
4363c4357
<                             VWK4H6MVGV6DW2RCKNUPG5FC56ZLHMK5D3RPZDFYRXGCOCA=
---
>                             RK6Q74JWANEUQQ6HDV4O7JIO4VNKDLAT72FNDLMOS5MVZEA=
4706c4700
<                             UORGCFGHZIV7HKDTW4I54M7XXHJY6QKYHD5FVEAVEGUSLHA=
---
>                             ZBBRLQPSTJE4OKJCYVIB3ZQKGSFCHTGLD57Z2ZPJUUAURGY=
4714,4771d4707
<                         <downchannel id="-4">
<                           <data>
<                             <axismode>
<                               0
<                             </axismode>
<                             <colmode>
<                               0
<                             </colmode>
<                             <decimaldigits>
<                               2
<                             </decimaldigits>
<                             <decimalmode>
<                               0
<                             </decimalmode>
<                             <kind>
<                               Percent
<                             </kind>
<                             <limitmode>
<                               0
<                             </limitmode>
<                             <linewidth>
<                               1
<                             </linewidth>
<                             <mode>
<                               Absolute
<                             </mode>
<                             <name>
<                               Downtime
<                             </name>
<                             <namereadonly>
<                               0
<                             </namereadonly>
<                             <nostack>
<                               0
<                             </nostack>
<                             <percent>
<                               0
<                             </percent>
<                             <show>
<                               1
<                             </show>
<                             <showchart>
<                               1
<                             </showchart>
<                             <speedsize>
<                               None
<                             </speedsize>
<                             <speedtime>
<                               None
<                             </speedtime>
<                             <spikemode>
<                               0
<                             </spikemode>
<                             <volumesize>
<                               None
<                             </volumesize>
<                           </data>
<                         </downchannel>
5558c5494
<                             RGWGOUDXQNK4AFSLR2UIDSEVZXBQYJGVVQBZUHIWJTPTGEI=
---
>                             GZMHMDCPTRGC672L7ZC2GDNPHG3PEDX72AHWQ2PNRDBCFCA=
5992c5928
<                             34OBC5DDCXMDKNFUD7TMUWQFESXQ6TJTW2JG2WFHIJT7GPI=
---
>                             KRDBEGRL6IXZ3RII72CMV6JWJIZ3HBW3SE3UVGJSQVVSIJQ=
6064,6121d5999
<                         <downchannel id="-4">
<                           <data>
<                             <axismode>
<                               0
<                             </axismode>
<                             <colmode>
<                               0
<                             </colmode>
<                             <decimaldigits>
<                               2
<                             </decimaldigits>
<                             <decimalmode>
<                               0
<                             </decimalmode>
<                             <kind>
<                               Percent
<                             </kind>
<                             <limitmode>
<                               0
<                             </limitmode>
<                             <linewidth>
<                               1
<                             </linewidth>
<                             <mode>
<                               Absolute
<                             </mode>
<                             <name>
<                               Downtime
<                             </name>
<                             <namereadonly>
<                               0
<                             </namereadonly>
<                             <nostack>
<                               0
<                             </nostack>
<                             <percent>
<                               0
<                             </percent>
<                             <show>
<                               1
<                             </show>
<                             <showchart>
<                               1
<                             </showchart>
<                             <speedsize>
<                               None
<                             </speedsize>
<                             <speedtime>
<                               None
<                             </speedtime>
<                             <spikemode>
<                               0
<                             </spikemode>
<                             <volumesize>
<                               None
<                             </volumesize>
<                           </data>
<                         </downchannel>
6381d6258
<                         <encrypted/>
6695c6572
<                         EV4TZAHLGQW2DAVGIME24SBEWQKAKCK6QJNA====
---
>                         UJC2V7NJQFENG643YOXPT5O7UT655M3PMJQA====
6704c6581
<                         3PBCRMWYYM2B3AHFJP3YVNNAXONYM47DLPYQ====
---
>                         UBMRXRJXOUMAGIJBMXQTYXSIRAFPTE5WUKHQ====
6977c6854
<                         QHL3DMXKVAYQ3LXAIBORDQ5IMSDN7UFHMN4GVQOLXBR6BNA=
---
>                         ZYYWXXQDIGOZ2N7TOJVWRONLRPVIBSCKD6IJBF6ZF2RRJZI=
7048d6924
<                             <encrypted/>
7365c7241
<                             S7ICGAK5Y7KTZDETVEZTUEOWUJTFWJWWEQSA====
---
>                             VQE6BTDPHNB7OPIHJLM4UTJYKZY6ZOB72PCA====
7374c7250
<                             TVRX3JPYV4P2LGTF23Q7J6TACJRGITRLXN7Q====
---
>                             XKEBWPTJFJDJTM2O5VPZ6TITBIYJCTNHK6XQ====
7647c7523
<                             CNBLT2IZKVPTYWAKM4LETEX7HHMUVT4KYN5QC2DTAQPPK4Q=
---
>                             PCRPBCENN6AFCGIXX2RDFZQRCL7K2QBGCM3IUA66PZONM4Q=
7710d7585
<                                 <encrypted/>
7992c7867
<                                 PF4XMM3ZJOAH4RTBQNYR6M5UZHJLDNMSPC7A====
---
>                                 MZ3GZRUGUB4MF33JFPQVLTDAID4ETA4ZJXDQ====
8001c7876
<                                 J7JRPB35PH7PJZCV74AZFROBYGPYOB4MHCZA====
---
>                                 AQYEVOUH4JXWLNLMGCXWTW3LQBQKK3QY7YLQ====
8251c8126
<                                 CU2TFM6YRGE4XMV7MGE2SSHT6DJBHSMD4EF6AX7VHDSZ6KA=
---
>                                 2LTMTUWC624LT26AHHT4IYOWSMAIUX4G3KGIQ7BT2U6F7XA=
8268c8143
<                                 JMAOEDQMGZ6NGMCCQYVVBRWRXIU5S26JSZH5LTKDLIXQNZ2CHQVR73IKVFHPVYK3VJVYDPPX6AAZ7KMUQLFZQXY=
---
>                                 KB7KEWEEPXITMEPEZF2V6AFU2RQEN7GFEY3MGB6A74BGBIILD5XNSDMJWEHZSE5ERSGYKTKFK2O2D2RV6BDJOBY=
8285c8160
<                                 OFZF6B7KGS3DBXRMKLGS7WKJRU6LRAKFMXXIUBKSKB3T4JEXYDYOILSLKWT3SS2YQOYRUFF4R4IMREDNHXUNDVJASXOCRXRECCXMPNYLQSR4AZJUCFECKCC7DYWMYPQ=
---
>                                 72CYNJTKGWMWDJ4P6RTBLTVKDQXTINO6QSYBGKVH7SS5PHUKV534XZHFPW5CXUBYG6IJYCLPUVGLBQG3CRJEORS3GI2M56T65EIXONDSYWRX2BGDQN3SEIXSAWRVGPI=
8302c8177
<                                 A4C6VYDOIX2P4PC3WSRP6JOV5CYSK2VVC42UC36A3VDXQBV52SRRGFZWSQIPLDQXBQZQHA3NWANEQOO2UTAUE6CKX2DNI2JNRHASJ5KMCD2TAGEQ3YQXQH6HFTCJJMWQYZ3QK===
---
>                                 LQMXJHBOZMDSCLIZREVRLA3OSPIKL5PNSAZBGKQFPXYJT2FV22DKEDQER6ZGWQVIPCLJYV7GE2MT6NVTONNQSID6IVHGECOPVAMABWOY7Q427LW4VYYG6JQI45NTIRC2AHRXW===
8420c8295
<                                     RXG6F7CB64G2ZSQU5B3N4PP7ZXMLZN5YZZFQGOIFIBDM7OQ=
---
>                                     5K74PLL74YEBII6SQPHQKEXDC7LZOWW7BJI6ZUR67224PXY=
8428,8485d8302
<                                 <downchannel id="-4">
<                                   <data>
<                                     <axismode>
<                                       0
<                                     </axismode>
<                                     <colmode>
<                                       0
<                                     </colmode>
<                                     <decimaldigits>
<                                       2
<                                     </decimaldigits>
<                                     <decimalmode>
<                                       0
<                                     </decimalmode>
<                                     <kind>
<                                       Percent
<                                     </kind>
<                                     <limitmode>
<                                       0
<                                     </limitmode>
<                                     <linewidth>
<                                       1
<                                     </linewidth>
<                                     <mode>
<                                       Absolute
<                                     </mode>
<                                     <name>
<                                       Downtime
<                                     </name>
<                                     <namereadonly>
<                                       0
<                                     </namereadonly>
<                                     <nostack>
<                                       0
<                                     </nostack>
<                                     <percent>
<                                       0
<                                     </percent>
<                                     <show>
<                                       1
<                                     </show>
<                                     <showchart>
<                                       1
<                                     </showchart>
<                                     <speedsize>
<                                       None
<                                     </speedsize>
<                                     <speedtime>
<                                       None
<                                     </speedtime>
<                                     <spikemode>
<                                       0
<                                     </spikemode>
<                                     <volumesize>
<                                       None
<                                     </volumesize>
<                                   </data>
<                                 </downchannel>
8894c8711
<                                     QPO22GW2Q7OQCCHNWLBI4BKXSKVRQLGT7LQ3KBIRW2I2WAA=
---
>                                     FBG4VEJ2INQLGCLID3CU26LGNFGU2R4EVHJ3ZTVJ7UNOIOA=
9522c9339
<                                     NGRLEUUZQ7MQK5VDCXNZ5MFXVHLM2KGM6Y6APXUYP26HO4A=
---
>                                     S3ADD5M7QZJ3EX2ES5TUCURAUWXPB4PLXURKOXOZ6O6XLMY=
10048d9864
<                                 <encrypted/>
10187c10003
<                               43521.5269333796
---
>                               43469.2220814236
10330c10146
<                                 X5CZG2TZ7ZMFNFADVALTMBX6J6V5YRNID5YA====
---
>                                 WQS42P7NVMPQPJPMQ5PJOJOWAOAP7M4MF6KA====
10339c10155
<                                 AUGXHBY4IQBQ7YWES7ZOUK3FVUMETLBVYQLA====
---
>                                 AJ2FHRG754NX4W3CMIDBRBCOQRUOJIMW6Z7Q====
10589c10405
<                                 XO46HHRIRMWUHYDKAKCYJFATPSJ6ENK4VYRR5X6GNGLU25I=
---
>                                 ABXQ2MOZCUFYKAMDNXSERI7LUBQQBNG6K5VUDLMYCAQN6MY=
10606c10422
<                                 MHU5CSGKITT44DRFEKITDHZJIBDSAHIBGMPC7OY2IO3I5HT3FZAL5SGGULTFC4SO7L6RMF3RSOJA2Z7NLPJD76Q=
---
>                                 F2DNEBXRJYMDAF3ILBSDIWJSEOV2PWGMHUGCZBVDZAUA4PYG33YU76MAGT4CV2Y2WMFPVLBMZOF3DKTS5K5YACI=
10724c10540
<                                     O52YQLAMBL5OH3FOQU4HETWXRIVNPIMFU2HAZ3EYSX73FQY=
---
>                                     BS2ZB2DDRJVGCHOHHSNQI6K6MZBVJ3AOP3EAK6YNXR2G5DI=
10732,10789d10547
<                                 <downchannel id="-4">
<                                   <data>
<                                     <axismode>
<                                       0
<                                     </axismode>
<                                     <colmode>
<                                       0
<                                     </colmode>
<                                     <decimaldigits>
<                                       2
<                                     </decimaldigits>
<                                     <decimalmode>
<                                       0
<                                     </decimalmode>
<                                     <kind>
<                                       Percent
<                                     </kind>
<                                     <limitmode>
<                                       0
<                                     </limitmode>
<                                     <linewidth>
<                                       1
<                                     </linewidth>
<                                     <mode>
<                                       Absolute
<                                     </mode>
<                                     <name>
<                                       Downtime
<                                     </name>
<                                     <namereadonly>
<                                       0
<                                     </namereadonly>
<                                     <nostack>
<                                       0
<                                     </nostack>
<                                     <percent>
<                                       0
<                                     </percent>
<                                     <show>
<                                       1
<                                     </show>
<                                     <showchart>
<                                       1
<                                     </showchart>
<                                     <speedsize>
<                                       None
<                                     </speedsize>
<                                     <speedtime>
<                                       None
<                                     </speedtime>
<                                     <spikemode>
<                                       0
<                                     </spikemode>
<                                     <volumesize>
<                                       None
<                                     </volumesize>
<                                   </data>
<                                 </downchannel>
11096d10853
<                                 <encrypted/>
11244c11001
<                               43521.5166526157
---
>                               43469.2213157176
11407c11164
<                                 PXJ2EICXXHVJX6RPJO3QQ5C2NDAZGKTBJENA====
---
>                                 DJRVP4DHTAGNVE2RVD7VUYVW7BNCHKGXSN6Q====
11416c11173
<                                 6N2INKLJOD7VNOA3C23F33T3JQ5GYBNRXX6A====
---
>                                 3BBZ3D6ZU2ICX6IUAXQCCVQ57GDVYYHNPR5Q====
11505,11569d11261
<                             <suggestions>
<                               <cell row="0" col="0">
<                                 Generic Device (PING only)
<                               </cell>
<                               <cell row="0" col="1">
<                                 pingsensor
<                               </cell>
<                               <cell row="0" col="2">
<                                 ping
<                               </cell>
<                               <cell row="0" col="3">
<                                 2
<                               </cell>
<                               <cell row="0" col="4">
<                                 1
<                               </cell>
<                               <cell row="0" col="5">
<                                 PING
<                               </cell>
<                               <cell row="0" col="6">
<                                 5
<                               </cell>
<                               <cell row="1" col="0">
<                                 SSL Security Check
<                               </cell>
<                               <cell row="1" col="1">
<                                 sslsensor443
<                               </cell>
<                               <cell row="1" col="2">
<                                 ssl
<                               </cell>
<                               <cell row="1" col="3">
<                                 2
<                               </cell>
<                               <cell row="1" col="4">
<                                 1
<                               </cell>
<                               <cell row="1" col="5">
<                                 SSL Security Check (Port 443)
<                               </cell>
<                               <cell row="1" col="6">
<                                 3
<                               </cell>
<                               <cell row="2" col="0">
<                                 SSL Security Check
<                               </cell>
<                               <cell row="2" col="1">
<                                 sslcert443
<                               </cell>
<                               <cell row="2" col="2">
<                                 sslcertificate
<                               </cell>
<                               <cell row="2" col="3">
<                                 2
<                               </cell>
<                               <cell row="2" col="4">
<                                 1
<                               </cell>
<                               <cell row="2" col="5">
<                                 SSL Certificate Sensor (Port 443)
<                               </cell>
<                               <cell row="2" col="6">
<                                 3
<                               </cell>
<                             </suggestions>
11731c11423
<                                 LET3XOZ6FYUZLJQRHAVWVUX4TR5SS3AOPVKN3SERX7CCMGI=
---
>                                 YY3DSBYL3PDPXT62PBIOHAQY32G6L5VRNTUSH7XY3P4756I=
11932c11624
<                                     F52DV5ZHY6TLARF5IQEHGTNIVBQK2DE7VLIL7ICVD6GC4OA=
---
>                                     MQTUN2EQIC5JNFMICM7447MVA22SLIQSC44VUHHKDXIUM4Y=
11940,11997d11631
<                                 <downchannel id="-4">
<                                   <data>
<                                     <axismode>
<                                       0
<                                     </axismode>
<                                     <colmode>
<                                       0
<                                     </colmode>
<                                     <decimaldigits>
<                                       2
<                                     </decimaldigits>
<                                     <decimalmode>
<                                       0
<                                     </decimalmode>
<                                     <kind>
<                                       Percent
<                                     </kind>
<                                     <limitmode>
<                                       0
<                                     </limitmode>
<                                     <linewidth>
<                                       1
<                                     </linewidth>
<                                     <mode>
<                                       Absolute
<                                     </mode>
<                                     <name>
<                                       Downtime
<                                     </name>
<                                     <namereadonly>
<                                       0
<                                     </namereadonly>
<                                     <nostack>
<                                       0
<                                     </nostack>
<                                     <percent>
<                                       0
<                                     </percent>
<                                     <show>
<                                       1
<                                     </show>
<                                     <showchart>
<                                       1
<                                     </showchart>
<                                     <speedsize>
<                                       None
<                                     </speedsize>
<                                     <speedtime>
<                                       None
<                                     </speedtime>
<                                     <spikemode>
<                                       0
<                                     </spikemode>
<                                     <volumesize>
<                                       None
<                                     </volumesize>
<                                   </data>
<                                 </downchannel>
12134d11767
<                             <encrypted/>
12451c12084
<                             6UAI5ZTY7NTZSEVWBBCKCNR5GQJL4P5R64OA====
---
>                             GLW6TANH643OTS374TEEAC42FPHSTHGRX6RA====
12460c12093
<                             FPXVJGDC6OXEPEC7TPQ6LGEYQEEUDVMU5RSQ====
---
>                             WAV3OUFK2M2C74P5J26H67HILPLLHKIAOOWA====
12733c12366
<                             KE6IQG3SM5UDIPWJAOKCOEKTWXMU2TWYBECWCUVCZ6CUDKI=
---
>                             LYZCFI4ZUUHHLB34WXOFBYCWLM3TXNPV4LSNXWYP6IVCLFI=
12804d12436
<                                 <encrypted/>
13121c12753
<                                 44QZM3R3MQXG5HEOVA5FYKYYBA3YLJS3ORWQ====
---
>                                 XTOEAYYJOJZE2DIRKTUTPN7EJATVJOD2R32A====
13130c12762
<                                 NV2SYPZNKDCL4KVXQLOTACUZD5MISI3V5QHA====
---
>                                 JJZM3AG3C4GYKA6N4EGP7KUX7WI4ZQ2JD4GQ====
13403c13035
<                                 MMEEVXCR7YANK2EWZO4KOV5XHI6HXNAJSOLZTUSMXIK2SGY=
---
>                                 RCDCI7YJATHHB2I5KES5TCJKVYRC4RAJSH56L235R57DDCI=
13475d13106
<                                 <encrypted/>
13792c13423
<                                 JEEO7ZMVFQ7PJVVLTV7NKBURGAQZKO2SKKXA====
---
>                                 63MLKYN3C7I5QPZNY6ZOPFZQ7YIG3Z46AU2A====
13801c13432
<                                 T5PIIBN6ZLYE75ECYDUTRGHHU2WLMQIEHWFQ====
---
>                                 CQ2SARW22TTDTBKAUIRC26E4CLZM2ZI2FOLQ====
14074c13705
<                                 4UINEP6IY2NJYQUTS47WKB6O6XL4GLFFFKINX5WGWZ62XZA=
---
>                                 MJJPBHIV6PCRWOYZE4D3NHFBRZHTATOBGDAG3QUJJ7ZEX6Y=
14091a13723,13728
>                                   <cell col="0">
>                                     200
>                                   </cell>
>                                   <cell col="1">
>                                     200
>                                   </cell>
14108d13744
<                                     <empty/>
14132d13767
<                                     <encrypted/>
14134d13768
<                                     <empty/>
14187d13820
<                                     <empty/>
14202d13834
<                                     <empty/>
14227c13859
<                                   10.10.10.2
---
>                                   QUERIER
14274c13906
<                                   43522.1148492245
---
>                                   43469.2217016667
14291d13922
<                                     <empty/>
14315,14320d13945
<                                 <maintend>
<                                   43522.1138889005
<                                 </maintend>
<                                 <maintstart>
<                                   43522.1138889005
<                                 </maintstart>
14322c13947
<                                   GATEWAY
---
>                                   QUERIER
14361d13985
<                                     <empty/>
14373d13996
<                                     <empty/>
14404c14027
<                                   http://IppsecWasHere
---
>                                   http://QUERIER
14418d14040
<                                     <empty/>
14427c14049
<                                     TOQBZLPCKSJ3KQBA5QPVBGD4QWPWDSTYMGMA====
---
>                                     MC2LVWRJJLHURYKUFWHPLPNDWJRLV3F7UNGQ====
14436c14058
<                                     IFV4DBJN34IZM3QZBIYDHZG2ZTZSULXLDY6A====
---
>                                     R2FARLWUZI2X556M4KQMTMAFOMKMWQQKIQYQ====
14467d14088
<                                     <empty/>
14552,14599d14172
<                                   <cell row="0" col="0">
<                                     1
<                                   </cell>
<                                   <cell row="0" col="1">
<                                     7
<                                   </cell>
<                                   <cell row="0" col="2">
<                                     12
<                                   </cell>
<                                   <cell row="0" col="3">
<                                     1
<                                   </cell>
<                                   <cell row="1" col="0">
<                                     2
<                                   </cell>
<                                   <cell row="1" col="1">
<                                     8
<                                   </cell>
<                                   <cell row="1" col="2">
<                                     8
<                                   </cell>
<                                   <cell row="1" col="3">
<                                     1
<                                   </cell>
<                                   <cell row="2" col="0">
<                                     3
<                                   </cell>
<                                   <cell row="2" col="1">
<                                     8
<                                   </cell>
<                                   <cell row="2" col="2">
<                                     8
<                                   </cell>
<                                   <cell row="2" col="3">
<                                     1
<                                   </cell>
<                                   <cell row="3" col="0">
<                                     12
<                                   </cell>
<                                   <cell row="3" col="1">
<                                     6
<                                   </cell>
<                                   <cell row="3" col="2">
<                                     6
<                                   </cell>
<                                   <cell row="3" col="3">
<                                     1
<                                   </cell>
14691d14263
<                                     <empty/>
14739c14311
<                                     K4FGV2MXY6HIWTH2M55ZJBOZ5CQHU3H3DUJO5DMTJCFKFAY=
---
>                                     NSIE624HQYZAD7PWPV2DKOY3JTQPO5MF75SWTKZTQEZHXXI=
14756c14328
<                                     LWZ25BEBIVZ4SWVK2H7N3OU3BYYR4UGI3RANPDSX7EEALOTOP6BBI2MPHK5FKLKOTCQB3TS36T7LJLU4SJBLU4Y=
---
>                                     PLW6ZVCMVZ25642EO5T7WC5OH3OJEKW3AGE5F642GFJJWLL7UUZJV6RNRYHZCTUDYITUAQ2NXFOEWJ7BHCA23HA=
14773,14807c14345
<                                     2OL37LG4IKRPKGC5ZZVSU44QUZSLP6LCFYCUYQE7N7AOMRMU54OJFVWYS6YPIC6YZY5EWYD74GTVVK26MRSBMTT55CJNO6OTYPGM77NHTHP3Y7JWAVE6GFEPJZDVHDU3KG7RHYCYBMQJDVOK4KAJR6RRH3JLTEF3FLAGBDNJYCJTC52FNH44YBVQHWP44HPTCHWM75KF5SGFCB6XRVV5V5KIOT2U326NXVCHO5DHKCBY36CSR7KFWBJP4I======
<                                   </text>
<                                   <target>
<                                     2004
<                                   </target>
<                                 </item>
<                                 <item crypt="PRTG">
<                                   <date>
<                                     43522.1140935417
<                                   </date>
<                                   <user>
<                                     100
<                                   </user>
<                                   <op>
<                                     504
<                                   </op>
<                                   <text>
<                                     HFCW3IXHRHI6QBTSXH4HNIEBDIJIW5SLNQGAZRTI6V7OQXCV2N6U6VTLNFNNYG2VLGJXB4DROGJEHVRWF6W4F73AGOLUTXNB6DTIQKUPQZSV6WWJDBDAHHLWBPWSHSQR6RWXXADXPNRK3OLRJD3L3I32CDA2YTVMXIY3XSKTIRYP5N45PRYJAUEG6Q======
<                                   </text>
<                                   <target>
<                                     2004
<                                   </target>
<                                 </item>
<                                 <item crypt="PRTG">
<                                   <date>
<                                     43522.1149576968
<                                   </date>
<                                   <user>
<                                     100
<                                   </user>
<                                   <op>
<                                     504
<                                   </op>
<                                   <text>
<                                     B4C2RXJEZ6TEXJCUY23F7R3SNSL7HRASGJQCHYKBQQEU5WBDNEDBHDIRGMBIIJMYS43IE4HIJGL362F572H4KNW3HVVWQ3XFAJ5XOJ5445BOX7B7FBRVKC4FZR63E6I=
---
>                                     HAK5WVLZDAWANWMCUHAJHHDUDDAXFSMRYSLK72LQ5RW4CLKSE73EGELTFWUGWR5RQ7N7G5DOS5Y5PZZXKP7GQL333T5NNIHWGESGYRMABLG7DRKFCMDEKZEZXZVGKJK63XTWUZ4NWKRGJUTHJK7H2ELYOUV3BZARMYN5UE2BDJNX7XHAKHON6K6DGKYX7RZTAAIAIXMYSJUNEBO7V5YF6KAVPZI5GJMKLOECJMRJ3WIUHNJUQDANKK3L54======
14925c14463
<                                         2U6E46HD7J5MO4S446M3JZ2R2D4W5BFGG34ZN637AUDVJNA=
---
>                                         E2TZVEEHW4P7DLZ3HG26CMH26TCFCIEOSLWVURBWHZW22PI=
14933,14990d14470
<                                     <downchannel id="-4">
<                                       <data>
<                                         <axismode>
<                                           0
<                                         </axismode>
<                                         <colmode>
<                                           0
<                                         </colmode>
<                                         <decimaldigits>
<                                           2
<                                         </decimaldigits>
<                                         <decimalmode>
<                                           0
<                                         </decimalmode>
<                                         <kind>
<                                           Percent
<                                         </kind>
<                                         <limitmode>
<                                           0
<                                         </limitmode>
<                                         <linewidth>
<                                           1
<                                         </linewidth>
<                                         <mode>
<                                           Absolute
<                                         </mode>
<                                         <name>
<                                           Downtime
<                                         </name>
<                                         <namereadonly>
<                                           0
<                                         </namereadonly>
<                                         <nostack>
<                                           0
<                                         </nostack>
<                                         <percent>
<                                           0
<                                         </percent>
<                                         <show>
<                                           1
<                                         </show>
<                                         <showchart>
<                                           1
<                                         </showchart>
<                                         <speedsize>
<                                           None
<                                         </speedsize>
<                                         <speedtime>
<                                           None
<                                         </speedtime>
<                                         <spikemode>
<                                           0
<                                         </spikemode>
<                                         <volumesize>
<                                           None
<                                         </volumesize>
<                                       </data>
<                                     </downchannel>
15309d14788
<                             <encrypted/>
15626c15105
<                             BPHOC6R5PYALZ4FMJ7HUX44I2APB6HYJ3NVQ====
---
>                             YRHIN4C6KK3RK5IUYPYAIGTTPIKMA3GSYJYQ====
15635c15114
<                             GF3HZXYS243E7HQVBBPFJLFTCA654TDTODPQ====
---
>                             SKRYTPL5FZGS7KZOKESXPI3AODNZKFAFZPLQ====
15908c15387
<                             Y4XBWB3AVMOM57HRZYERRXLCCKWU34J6ZKW5SYI2PFQ24NY=
---
>                             CAE7HQU63FOLDUMHQ7OJG6P3J7KDKARV7VE3CUWWZ6DMVRY=
15979d15457
<                                 <encrypted/>
16296c15774
<                                 JWGRQC5NVC3UDCQJHM53E6CUXX4Z6KAXRHRA====
---
>                                 X2HNQGCWMRZTWZ2ZO5EUOSOI45GBEHQ53IFQ====
16305c15783
<                                 IMRW4OBK3AWXZSDP3H4MHCWKAALD5VXIVXJA====
---
>                                 DTIEPPAWKOSEP3LYFEU6ODQSHWQEDL5XTQBA====
16578c16056
<                                 FHPBIDGMIZW2WNTEX3ZSUBYRQ5YCOPJOYCLK3HTXPESMNIY=
---
>                                 VLKDRDOAW3OXZY5XN5BQAII3GBAS436ELSOLXJCUUWHMGII=
16649d16126
<                                     <encrypted/>
16966c16443
<                                     P5TZZJ4GBL5LCVBSYH7ONYFAL2ARLFWTBPNQ====
---
>                                     5DX7XMIEBAF4BSKDKXD4E26XLTCOSHGMXXGQ====
16975c16452
<                                     YWCNDWRDVNX2JIQRLMVNTCAROKOXYM2IBX2Q====
---
>                                     K2QZU5RVMUIJKHYGI37D7FEV6QV35W5H2CAQ====
17248c16725
<                                     PN3QX67G7MBWFIAF4HP6RH3SRHDJIWUIISTTQ2VQWLU3RSY=
---
>                                     OR2GGM3KG2DIGZIEYWLAFOGVOJAHCTJZFZP7TQBPUBPPADQ=
17320d16796
<                                     <encrypted/>
17637c17113
<                                     EFOXRQWDHMDNPTV5SDSWGXOHQE76SS6ZCZBA====
---
>                                     YLQJRSH25DSXQG6AJGBWP274EJVTSTR35Z4A====
17646c17122
<                                     G6HYBSJ7IQZ6RLDVVDQS7L2RCVSOY7WD6ZUA====
---
>                                     YAU7W7IHRMJM3QMWTQFSKYVPEI62YFNNBLIQ====
17919c17395
<                                     HUBRTSUUQVIQTOWUQHW2ODX3LM64PCRJ5X4JZU6QXEEFMVY=
---
>                                     5Y7KLQYXKTHI5VZBZKTO4ZZ3CNSD4GYHTYHRMJBIPG4M53Q=
17993d17468
<                                 <encrypted/>
18310c17785
<                                 WOVJYMGCKYKNO6GOM7BJGAPSOPOQ36QMKQMA====
---
>                                 ZSNXIHROTY54RXMWQVYTFWS7OKKCLQMWAM3A====
18319c17794
<                                 DHJYI5ZZG4F6UZUCT4YMIJOC43PQ64MVIULQ====
---
>                                 3IT7JJESIVNZ2UZHSIEN4QOCHBXMGV7HOEYQ====
18592c18067
<                                 56CRRWYWYMKQCBA43SK4DRMKXVCATHZR74SNI5PM2QTY4LI=
---
>                                 TALIFCU4EAEGFOLARMUF66KVOQBGZZQIHP327525XW6VWPI=
18663d18137
<                                     <encrypted/>
18980c18454
<                                     WXUOUB4BDJJBXUVSCUNTY4DEM4VLRU2CXTTA====
---
>                                     Q3DSQ7JS3HQ6TD4MEQSH36F2TY63HMZ7OS4A====
18989c18463
<                                     5OOMB4VBK4HGCUBKPNJOLSAY6I4V4F3D27RA====
---
>                                     ESTGFPYQU5MECVIQW737JXQ4JGOKAS6525KQ====
19262c18736
<                                     CEQDJ6UJKZC2H7QR66GDTGWPCR5UCVYDUHIE7LALBLYLL2Q=
---
>                                     6IE4CGKKEFYRJC6NW7WKKUBI6GK53W3RQ6BHHNOECCMRPLQ=
19334d18807
<                                     <encrypted/>
19651c19124
<                                     U4VTCOWXJ5F4KXEFP6N2EHT3XBN4YIA5UBKQ====
---
>                                     OALC5MIIOMSDJMMBNNIZSCAPORKFTAHFNP6A====
19660c19133
<                                     FUKR7B5VRNDU72QLFHNTUGMKFYR4Y3BFIE3Q====
---
>                                     D2NUDLMHMDKASRZG6IYE65D65VQNFRZOP2OA====
19933c19406
<                                     EMXFESVBQC4LGKDZWQJ6PP5N4TWSV7O5MNFQSHNOVRAOC7I=
---
>                                     PTZ6AFX4QEIJXTKQQES2Z7V7BCO2CV2IZTEF5FISOVBPS4I=
20009d19481
<                             <encrypted/>
20326c19798
<                             BESBYY3P23YT7FWMB4DWRZ2I2SHPZNSFHQSA====
---
>                             BLTSDIRH7MDABQ4SMXBHUYS3YST3NLTRG6UQ====
20335c19807
<                             L5QJHLYWAR7KLNARAJCS2Z2TGNIDPQC4FDUQ====
---
>                             JCESRX73FKCBBKOZEKO7YLRIKDNF45WRJFVQ====
20608c20080
<                             UVUOTZKKBTPXOASA7IMCKFRB2NP4BWOMCR7VNZAX2DVTDIQ=
---
>                             WYMXRRHXXANSX76OZMOIY3C7H4LZXMXXRNYQCKCNPEKQ7SY=
20680d20151
<                             <encrypted/>
20997c20468
<                             LM7OQYXLJBYEOAA3XHUB7TKTKZVUUWKP4BRA====
---
>                             2TR64WOQJGDLQRJYNDOC5NTIKVBBRPRDNFBQ====
21006c20477
<                             AG76446QBFWX2LQSJZE74BA5ONTVV6KM4H6Q====
---
>                             EIPWLLQSE5DYF62WAIE6BCN6B6ENR6ZKMVAQ====
21259c20730
<                             C4CIJWX45DZOGDBBT4OPE2FUV7GNVY6TIDQDLXETPSNSSFY=
---
>                             EDH2NYRH26Y2VIKIWOS2P5C4VJ7X3Z2WXNLGY2X2GTW3WCQ=
21331d20801
<                             <encrypted/>
21648c21118
<                             DXBVTRKLWR2KAGVPONSH3O4RPOEXUACWJ3EA====
---
>                             J2RUAI7CB4UY7N3GYZ3Q3PG7GO74JM7FC2LQ====
21657c21127
<                             SOWVLLWCRDR2BWDPXLIPCJHLJ63T4YGVG3UQ====
---
>                             FTLVPF7M2OYR7PNGZN5GRDDZ5CFZIVBRSZBQ====
21930c21400
<                             7HIPSZV52MLALRSCQKKZMV55TOWICUTGCQPXGZ3WLHUC45Y=
---
>                             HIJILRMJ4THFCM72GCIEG6NPGHKQSUYQXOX4UVDQIXYITRA=
22001d21470
<                                 <encrypted/>
22318c21787
<                                 Z73EHDAVH72J2ZAT3Z4ZMRQYXPICHTAG3ARQ====
---
>                                 7BDWU2BI4NMSLGNOXKL3QU6BBIN5GWOCNH7A====
22327c21796
<                                 SUCNZED7UM2ESMVZVOB6K6ON3G22HF2W3W7Q====
---
>                                 42LXWUY2ROR4I36N6KWYBNRDCOCNRSW6ROAA====
22600c22069
<                                 ZNNST6DBDXE6RMGX6XKFMGU5XYGWIWRTPCERKYVCFYCSK7I=
---
>                                 QQWTHDN3E322QNL4M7RYICUI5JYSPWS6EGIHP462V3V4S7Y=
22663d22131
<                                     <encrypted/>
22802c22270
<                                   43521.542396088
---
>                                   43469.2220814236
22945c22413
<                                     6E42OLXYJXWAYXV6NBXKVA3EKNC2NX6YZ6IA====
---
>                                     KIQKQVUYGNKWU224KDF2DVCEDMWGYSOB724Q====
22954c22422
<                                     Q4MJAE54DOHYVPCICJD2KU44IZ75R3P6HYDQ====
---
>                                     2BJUAKKSCAXBNEPL6KY4VN2DHFTYKGM7YJHQ====
23204c22672
<                                     BUG3RNMXOZFUMSV6MS2BSM2A2L56FSNVY7KDK2SLNMIAJNY=
---
>                                     PZL7L4NXFH676J7D3WJETOLZ3FLTG5G75XT7XGRR6KCVMSA=
23221c22689
<                                     AMUS42JFT2SI5CFSGQTFGWMLMJHC5QLGG6TYFZ7RU3FOHCBTCAISOTH3L324CJMQUZK6ADJ4YQZJIGNK5TAJIDQ=
---
>                                     3RDGJLR2Q2LODLMY2P2OMHWAEYSXQQPN4LRID7HCOKXNSHGDPEW2YK66KK56AE5QT3EIYANWGFNE2Z3P2IDRX6I=
23238c22706
<                                     5HM7YJBG24AE75XEFHY55N7NMSG75NFOXBDS53YWDTFT5JU5NV2KGYGEN2XIE3PDWI3MREVH2L3JIBNXVJILRCY=
---
>                                     NKU2AOXSBSUSTI257MKBUE6IDTODQJAUYGNPRB4YMBNHOMIX43MYP2HNXQCBXWLWT2WUYGGTT5T7OPIQGB6DUOI=
23255c22723
<                                     H5ESC6DNODETIFBB3P3APSZI2J7QSGU44LUABVMAC5GNRJNF7S7XDNBDONA5YIANMAC45FYRQFN55LP4247TVPZ65ZOYLB6KW7JJXNTBL67ZCMHBK6T26NAOPULD5IKIEA4EM27AQDH73NKZZJXKJGKAAPUYAIHRQTHVWJDTWEFBJKFY4S4IQO7BCZ6LUXWMABBGWWYGUXPZ2FJTKK5CYMLS2KFQLYWRBTZUCSRW3O5QOOQ2JDPSNEQ2LVTV3MOU4T4MW7XL474CONT3KHHTW===
---
>                                     VBJIER576MHRXCO7WE2ALNBBAPDDJQY2HW3EZYPGNROAEYIHPQSBRBBK2W7JQ7XGLGH6NWDREP4VXBPJMJTNMGPFYKVYYUMF2DRTYWN2L72C6B6EZ2NCJMHXCM3C42OWVV6KA5J6XCRVTY6YKW7JS6FWILGDWJJHLGGXTSJR4I5UY63PK42SSHNLROB33D42VW5MNYRAPP624UXGUG4EMCK3LFGNNJSVTJROHDWYOTG6X2O6JGKGMOZBBZKFH242BFIZTNULHV56Z3SNGP5O4===
23373c22841
<                                         QW6JCSV5H4YE4YQ6RWOW7LWLLJUX7Q32KLKB4JWHWPZSTMA=
---
>                                         CZBOMRYHSOJTNX4HCDOXGP7DDWVRLMIZUD5XWW6IEHSBCQY=
23381,23438d22848
<                                     <downchannel id="-4">
<                                       <data>
<                                         <axismode>
<                                           0
<                                         </axismode>
<                                         <colmode>
<                                           0
<                                         </colmode>
<                                         <decimaldigits>
<                                           2
<                                         </decimaldigits>
<                                         <decimalmode>
<                                           0
<                                         </decimalmode>
<                                         <kind>
<                                           Percent
<                                         </kind>
<                                         <limitmode>
<                                           0
<                                         </limitmode>
<                                         <linewidth>
<                                           1
<                                         </linewidth>
<                                         <mode>
<                                           Absolute
<                                         </mode>
<                                         <name>
<                                           Downtime
<                                         </name>
<                                         <namereadonly>
<                                           0
<                                         </namereadonly>
<                                         <nostack>
<                                           0
<                                         </nostack>
<                                         <percent>
<                                           0
<                                         </percent>
<                                         <show>
<                                           1
<                                         </show>
<                                         <showchart>
<                                           1
<                                         </showchart>
<                                         <speedsize>
<                                           None
<                                         </speedsize>
<                                         <speedtime>
<                                           None
<                                         </speedtime>
<                                         <spikemode>
<                                           0
<                                         </spikemode>
<                                         <volumesize>
<                                           None
<                                         </volumesize>
<                                       </data>
<                                     </downchannel>
23875c23285
<                                         HP26U6RJMDMSUYDAJRVDEHSBCRIYDHWFDIUWEZSMOLWRMRI=
---
>                                         GSBRUWBRUN2JIJO4ANY6P4EAXQS43JGS7VZ2IQQ2NYBTEQY=
24065c23475
<                     4GIBYK4JJX6GDDQW3LPK6K6AHLPAJHWRDQQNPW3E4R2IZCI=
---
>                     QIGW3ZO2BSS7DW65RDRKACQVBYSAHM45GULIISP7ERXVIDI=
24144c23554
<                         65UCZJQPWC6ES3H4UOUZ27HUK55PEV7R6OZIYTQ32P22WRI=
---
>                         QCSJLXFO4WVZZALKNHAZTWID3VY2IVGZUVMIGDHHP7DAXPQ=
24230c23640
<                         7XZOQJR53GBDE6RZX7YD4LUDDN2ZMQKMMF7RSSV4CQR4FOY=
---
>                         V23XFFFACFSZFF43R6I4CWKVFNYZBXVYTXRAA26JKDD7L6I=
24340c23750
<                         OOQCFW2NUENDQOCBTY4WNHLZ4QGTKTPMTSM4PYT5XHZG74I=
---
>                         RRBFCN4ON24UHHJGZBKBU4NF2GABSA452Y6AVESQFGPYTIA=
24426c23836
<                         3E7MIOG6XTBU2JVT7FKT7HS2FVHNOYWDAWI3X4HUAJ4Z7OQ=
---
>                         TKWLORZ6ENMW4E55RPT326ZX26YB2OGHXIZV7HRSVTDFUZY=
24512c23922
<                         V5L6FCP3DV63BRB2ESBSNN7PC3LJ67ONEVSWYNOCAYBU4BY=
---
>                         LCUWXNQNR4ZAA6LME4VFBORK624P5QUVTMMV55SID2EZD2I=
24598c24008
<                         OWIJS2WQQ26YTETPYG5VTIWYTLWSPBQDPLJJKEXRUYHOJ7Y=
---
>                         IYMCWBTME63ZWT76LNP2JY2QE2LUFSURCVHZ255FFOIGSMA=
24678c24088
<                         VMFFIP2KQ4QK6EFVS7GJWSHFDD77ZETLG5DSTHMSEJANRRA=
---
>                         4TSE7XRAL6XTQFKYJSPZRL36DWTADYNTUZDQWEVAWSKIBAQ=
24749c24159
<                     2HB42W57H4GPZPQ26U55AR2YLJGOXMNR45E4IA3DEAH45AA=
---
>                     WLTFMYBBO2CWMS63KIUQIZ4R23Q3BBV327F5WMEY2EYDL5A=
24828c24238
<                         M7266GSYMLKTQHB434XXSOB6X2JKCDZCSF2GWPZAUNU4JHY=
---
>                         GDAQCRN63KUXE4OFCWYX2PB3U2ESPWOLWH2XXMFQEEBFJ3Y=
24899c24309
<                     5V2FW5N7N4L7ZKRAAZVHVBSXCUPCXNFMPYZ24AFN452G2WY=
---
>                     33BYWZAY53VFEB4Q6LVK77PUDWU6ZC4IBISJX3I2MAC2LMQ=
24978c24388
<                         4MJTUKCDVPJAR2A3GLMV53QCNZVJCZEHJVSD6P2IRMR6VAI=
---
>                         HTFCTCVFTQXSPDKQTCEYYN4IRYTVX7PVJFX25A3BUMITZDY=
25049c24459
<                     ZH724J5HIZCDKVVNURLDD32GY6FN463RALP4Q7PUJM7Z3JI=
---
>                     ZIN427KQKZHQBAYYNEBLFILKMJGHMOS6KFZ4PM6AVVVNJRA=
25128c24538
<                         D4RP4VYUI7YK25DAUSNLRSTWKPLSVFRUVB5FENH3IRUINTY=
---
>                         BBGODN7VQCIYS2KV7K3YK56CHTRXYLPC2ARRNJFSFQTCQMI=
25199c24609
<                     MWAEETW5RFK2LQVMFN3E2JT65R366V25ETHE4RRXJPBUS6I=
---
>                     OYNH22KK22HHTPZQZQE5GPMXYLZQRE54WVCGB5456HBV4AI=
25302c24712
<                         DOOEXFIMFYIDDQGVOKQF7WXUFPKRPRS6QLAYMWUM5XIMLRA=
---
>                         SRJD4GGZP7EEUBPQB4XP4XFWEPCWDLASUWJPYUSG6EBYCMY=
25382c24792
<                         YHJPTFDT4BKPT3WKZQKR7K47GZV5QDK5VRTANOPFJO5JHNQ=
---
>                         4KV4QL7R6D2EPO2UCULKOAWCXQJR3GQPXIDPPGEG7HNV5IY=
25468c24878
<                         266TCMUOQA7K7TAHB7JP62JDB2HB37WL6GZCE2IXLPAETTY=
---
>                         4CUZ6S6EVPTOAYP4W3P4CWKQOA3T2DXL2PYJUE3L5DAVR3Y=
25539c24949
<                     3WJD46YZCOYITWTTPTFXZQ577EE5FHZW2L73PFJSLE5LAQA=
---
>                     BZ6NHSUKJZIFK56A3XWWLJPLBLN57G3YREUXTYYSLRGORGQ=
25654c25064
<                         KOBTXKAIZUA5RGCC5MVTEHPIEVJTSPTZE2UYLKPOC5P3WSA=
---
>                         5TO3QKYLFR7FE7IW6OPZ5DZSI32XLGABMRW5Q7KBRLO5YFY=
25725c25135
<                     XEONYUAGAJZPTBWTTUGGERSUE3WY3GDRBSXC5JDFUMVNSRA=
---
>                     7L3KH2C5JOU7743P3IZZ5HBR5XDMHHNJIY2Z5QOXXTEFOBI=
25796c25206
<                         R6UKW2FUDRFUCJESAYPLUWUZQGSVNQBBTQA4PV4ILUA2LSA=
---
>                         XA5F5R46KTQLCWM2ZGLW6WWDUFNYXFULY7LONIDWGY7XBXY=
25868c25278
<                         KWGJWSBGWUFBH4WVN3L6F5ETDH5ZRRYESH2JFPTV72NZADI=
---
>                         UZEM745YNHWWALY7DBA5XRDJXOVNSWDTOFYG3K7ZKL56V5I=
25940c25350
<                         ROUXQOCQENZSS4GCHC5RZ677EHN6DVAHT2HUYFPXHNIBFIA=
---
>                         ITGBBA3EWMCYV5ND3VZA6Y4RMUNNGM4FF66V7I6EQOZ5WKA=
26012c25422
<                         WG6Z67DAESO24HRHGQNTARFVPWARLLH6MBWCRW23ZJQXMCY=
---
>                         CJO6KTTRCGF4EK2K64VFTTRQDBQEYPO2T36CHVSOBFZRQSA=
26084c25494
<                         I7BAQVBRUO2SW7C7HZCZ27NYNJKYHDRERMNBPR3DCZXLVFY=
---
>                         SBPEUKT76NOYSUIPZQOQC5FF67BUDCJEUNXWKVXKYZNFJYY=
26188c25598
<                     ZVGIDADR4QFYWCRTEVF4XCDMTAVSTA74X2SXJVX3KVYBUEA=
---
>                     H3QJY3UIYM46FZZM5AYKFBCT6Z4NYKGTXKQSZSNCRU4TQYY=
26953c26363
<                     YPXK2VUTF3WNWSFVQRQUWMXUITKGM3VYON73MGYMJNDCQKQ=
---
>                     TR6YS7OXHMMZK3LYI6ZOIEQQANVFN6ZEX5Q46BZREYKSLSI=
27199c26609
<                 VGKSVXKX4KL2PNRFDBEBMILDRPAXP5LOVHZ6OIFTA47DTS5THJESFWO667VJKRR35A======
---
>                 FI7L6PRH2EIG6Y6D42GSY7KXVIGPL4HA3NER535HDMLB5CNZ4QF6MOEQQMTQYAIDNI======
27216c26626
<                 77VODIPMDD6LXVGPWUBPY2WXVBUGJOVV4W2NLA4KHQ24NXWTBAW5Q4R3WQR6ZWZR6Q======
---
>                 NB2R3CPS5CTCWSJ36TWO7FGCEPKQOLUZFJMSWRYBCML6ABXC6VTC3ZBXCNCLMWAADM======
27233c26643
<                 IW2HHETN7GFQOIXL5WGOOPUWIAMZE22BFXQRRMDCMUPWRMH7PI7GZLQHCNV2VDJURHK33EMR
---
>                 22RNJ7KOUCOQJH6JWZUYPUW3EJCYV6PGYXMM2J6HVVJC2N7ELPGKZB7PRTFLYTPMXNYNZJ5T
27250c26660
<                 7MZEFQG7KLVN2ID3ATJX4UKBHBJNKYZ7AMXO624PXKLFNJVAVS3X7B46UFOKX5FZCOOC3DLM
---
>                 6RI3FUDQ67RSVZLTAREV7VQ2TAYPOZOUR22VC7MZYDW6E4TE472PDEYDZFOEBXXD7VFY54EB
27317c26727
<                     UGCH46WDRCR3ETRPXZEXDI2TS53HNQ7FW6KN35HOQPZAO6A=
---
>                     IL5I66ZZNHTZHG5335SRTEV45UIINLXAM3AL6XOJMFIKGUI=
27531c26941
<                     W4BEYAHS7DH52LCDHCV6M46ZFKJIZC4XJQJUDNYBPZ4XSYY=
---
>                     IDPZYGZKWXK3IQP6SOO65HWBYJLRZCO6EVWXEBPE5SK7HYA=
27737c27147
<                     XWRNEKXJ5CSHEOS6YPMVZUPEPZZZSDACDEGLSIISXIS47TA=
---
>                     N3YPUZJJTR2S2V6VNABKH4UWQGFRA6LH7JGRM32FS5H4ILI=
27923,27928d27332
<                 <certificateinfo>
<                   [b]Tip:[/b] You can install your own trusted SSL certificate for PRTG to avoid web browser warnings when you connect to the PRTG web interface. 		  To ease the certificate import, we recommend that you use the [b]PRTG Certificate Importer[/b].[br] 		  For more information about this freeware tool, please refer to [a href=&apos;http://www.paessler.com/tools/certificateimporter?utm_source=prtg&amp;utm_medium=referral&amp;utm_campaign=homepage&apos; target=&apos;_blank&apos;]]our webpage[/a] where you can also directly download the PRTG Certificate Importer.
<                 </certificateinfo>
<                 <checkwebsitesettings>
<                   1
<                 </checkwebsitesettings>
27959,27961d27362
<                 <geomapserviceproviderinfo>
<                   [b]Note:[/b] We recommend that you do [i]not[/i] use Google Static Maps! If you use this option. Geo Maps will be shown with limited functionality. You need a [i]Google Maps API v3[/i] key to use Google Static Maps. Please check with Google&apos;s license terms first.
<                 </geomapserviceproviderinfo>
27983,27985d27383
<                 <infobox>
<                   The RAM memory usage of PRTG depends on the memory required to store the data for group, device, and sensor graphs. This is necessary for fast graph display. You can minimize this memory requirement by choosing shorter time frames with longer intervals below. Please select the period and average interval used for the graphs and tables. [br][br][b]Note:[/b] Changing this setting will result in a restart of the PRTG core server service. After that the data cache is recalculated. During recalculation the graphs may show incomplete data.
<                 </infobox>
27992,28000d27389
<                 <licensededition>
<                   PRTG Network Monitor Freeware (Trial Expired)
<                 </licensededition>
<                 <licensekey>
<                   000014-15UKFM-8FFP64-J5HKKP-TQ89F4-BJ8D9R-TC8ZNZ-DZR1W7-74BC9T-QJE1EK
<                 </licensekey>
<                 <licensename>
<                   prtgtrial
<                 </licensename>
28028,28030d27416
<                 <ovitype>
<                   roadmap
<                 </ovitype>
28181,28199c27567
<           <history>
<             <item crypt="PRTG">
<               <date>
<                 43522.1159684143
<               </date>
<               <user>
<                 100
<               </user>
<               <op>
<                 505
<               </op>
<               <text>
<                 GNLNQQR3ORDXX6DTPFRAZOPBDRDYVXR5ZPWLEOVKLOUG6LYZIKMNYWHJPVNC7PTU7TL25TZU4L2PXDF6
<               </text>
<               <target>
<                 -4
<               </target>
<             </item>
<           </history>
---
>           <history/>
28201,28344d27568
<             <report id="2017">
<               <data>
<                 <accessrights>
<                   <cell col="0">
<                     201
<                   </cell>
<                   <cell col="1">
<                     0
<                   </cell>
<                 </accessrights>
<                 <active>
<                   1
<                 </active>
<                 <dataperiod>
<                   1
<                 </dataperiod>
<                 <daymonth>
<                   1
<                 </daymonth>
<                 <dayweek>
<                   1
<                 </dayweek>
<                 <emailgroup>
<                   -1
<                 </emailgroup>
<                 <maildisk>
<                   1
<                 </maildisk>
<                 <name>
<                   Ippsecs Special Report
<                 </name>
<                 <nextrun>
<                   43522.125
<                 </nextrun>
<                 <orientation>
<                   0
<                 </orientation>
<                 <ownerid>
<                   100
<                 </ownerid>
<                 <papersize>
<                   letter
<                 </papersize>
<                 <percentile>
<                   95
<                 </percentile>
<                 <percentileaverage>
<                   300
<                 </percentileaverage>
<                 <percentilemode>
<                   1
<                 </percentilemode>
<                 <percentileshow>
<                   0
<                 </percentileshow>
<                 <position>
<                   2147483647
<                 </position>
<                 <priority>
<                   3
<                 </priority>
<                 <reportday>
<                   0
<                 </reportday>
<                 <reportmonth>
<                   1
<                 </reportmonth>
<                 <reporttype>
<                   1
<                 </reporttype>
<                 <reportweek>
<                   1
<                 </reportweek>
<                 <reportyear>
<                   1
<                 </reportyear>
<                 <savedatafiles>
<                   nofiles
<                 </savedatafiles>
<                 <schedule>
<                   -1
<                 </schedule>
<                 <scheduletype>
<                   1
<                 </scheduletype>
<                 <specifichour>
<                   0
<                 </specifichour>
<                 <template>
<                   A31 Graph with Data Table - Graph 5m - Table 5m.htm
<                 </template>
<                 <timezone>
<                   Eastern Standard Time
<                 </timezone>
<                 <treestate>
<                   2
<                 </treestate>
<                 <usecompression>
<                   0
<                 </usecompression>
<               </data>
<               <history>
<                 <item crypt="PRTG">
<                   <date>
<                     43522.1159684143
<                   </date>
<                   <user>
<                     100
<                   </user>
<                   <op>
<                     501
<                   </op>
<                   <text>
<                     TFVDTL55ZVCXHZVDA3ADVXO4ZRW732RIMWKTQGPTNXHJQCQ=
<                   </text>
<                   <target>
<                     2017
<                   </target>
<                 </item>
<               </history>
<               <repnodes>
<                 <item id="1">
<                   <data>
<                     <channels>
<                       0,1,2,3,-4
<                     </channels>
<                     <nodeid>
<                       2008
<                     </nodeid>
<                   </data>
<                 </item>
<                 <item id="2">
<                   <data>
<                     <channels>
<                       0,1,2,3,-4
<                     </channels>
<                     <nodeid>
<                       2013
<                     </nodeid>
<                   </data>
<                 </item>
<               </repnodes>
<               <nodes/>
<             </report>
28432c27656
<                     N7UVPOMKZTXMTBAZ3UBFBFCHSXCR56SZAH5PDNDM6ZOBRYY=
---
>                     JSU6M3L6O7FAOXLWYTMJ2XIJYHEZOXPSINMWRYRMR57DN4Y=
28540c27764
<                     GX4FSOXTLWDYGUXMZMLBF73S5U5N2AWLTCUPQA2NF4I665Y=
---
>                     LLYWCEI6WMLLJUYSKXLGFTJ5Z23PZMREO47FHPJXIBOI54Y=
28648c27872
<                     NM4M6D6AKAK7HUH7WAXMKGCXHXPTK4OLGWXE34KDFCVP2HI=
---
>                     DD6BS6XFR2IQWOJYTE2BR3VZZBQSYLZTSIWISQ2MU7JHDPQ=
28756c27980
<                     SETRLKCZDX4UW7XDXUO3DZ55WVLLK45CJVMCTT5K4BS3PZA=
---
>                     AYUQBZZ4FQH7IDZQ35L2C2VKBZVA4E4LDMU5ND54ZNIH7UA=
28864c28088
<                     E57ZEPQYLRIBTXFSQ5BCZJWIMEXG2GPBPEVGXB6WWFQGD4Q=
---
>                     UTR43F6C52QZ3VK7SMA4ET2KDJU3ISOIG26ZEL4PD5LZ3PI=
28972c28196
<                     VWKKC3MJJUUNM2XV3FJCHHHOLLAJVNRCTRVHBABWAEJNU5Y=
---
>                     OKBWWZUNZOT4SC5JOWYE2ODPMWYEHT5WCCX4252C55KF4PQ=
29080c28304
<                     UO44D75ICFJB3KD6ASABUTQKWCBQMTTU2F5K3PKDCRKE6EI=
---
>                     6AV7ECWMIVPEKMOJBXRXUO4XJZATJZ76O4TLNYQMTAH7L4I=
29185c28409
<                     RGNWOU7KDOT74FSODRBCAYBMGKALJQKWTORRWMPR7RQIXAQ=
---
>                     T2WMAZM3XO2X5R5ZO3MPI3IOG55MYV427FSMIMKUQ2GV4RQ=
29275c28499
<                     36RYJJH5PFADUNDPM5GUBQTCMDHMVJYVRC2HVGG5TYM7A5Y=
---
>                     7RQNWJ5JLPBOWTIQLEMURF5I275MKHQHTE7X5ON4M6WMTVI=
29334c28558
<                     EVMJ2FAP5LAVNAWZ5P3SAGD2LPTPGZBACZJT2QITVTEMNAI=
---
>                     RIII77DVZ65PQQ26VT3HP2H3TCEA5FYYTFJVOOSDVW5WK5Y=
29393c28617
<                     3O4QNRT3BUQF3ACQ3FKZK3WFFML33UQZCBV6YTOZEHQONUA=
---
>                     ZDHA5IELRQAESKMRS42RZAETZD6VRRHK76BPLAAXOWDQNSI=
29452c28676
<                     QGTKFQFYE5SQNLSDI3BNAQ2QGDKCXOMEKFDZZ2SAQRYKIOY=
---
>                     G3NYIRIQJTEEM72SRC7T4WLNV2QWORYQXVDEGGWZW7GO5NI=
29511c28735
<                     S43TGDVGFDMBVDFOO4LBPMGKW5KBENXKNG2ZXT7ZLOYCBCA=
---
>                     KSA44AZVKCT5NRLHLFJY7N2UOLETGYU6OIA4QNEOCOIW3VY=
29570c28794
<                     TURB26SKELFZHGXYVOWIA3A37J2ZD4QXRK6LHAUCTXQUWCQ=
---
>                     UL4NVYQDNYJO46YSEBIPM2ZHDYLV3CTHY4FFA6PEATHX6RA=
29629c28853
<                     CMMTCFB76G2MOWGVEASHPC542FIZXTYJJ2GO3EWVZ6TMZ7Y=
---
>                     UBCGKRGSZ7HJSILQ7CZVIR7ZIWX4YPW6K44DMDYZZJU4CEA=
29688c28912
<                     PEUNJ36HYVNVQRREZTROH57YJTGPC5NCT6DYN2RZRXVJRAI=
---
>                     ZYKID4O3HHV6AN625DAPYKTWCQWZVXRSOIP7RMXCF5XYOHI=
29781c29005
<                     J4NJ6CDWKRIPJZGQ742VHE2RUOC6E55AADHW5C7HLS6FGLQ=
---
>                     VSSDFQY3ELGBEPKGWRLVATBQPIDTW6QVARNTC65IGIHJKJY=
29846c29070
<                     CXKEZK3GSUMGVMVS6DSWKACX6FE54T4L6WAWXMIQGKO7UEA=
---
>                     XKNQTVZBKMKSJM5FGNWCKEL6QVBSEX4467AV3IPEJIDPRHY=
29939c29163
<                   43522.1088048495
---
>                   43499.7768071065
29955c29179
<                     JO3Y7LLK7IBKCMDN3DABSVAQO5MR5IDWF3MJLDOWSA======
---
>                     PDWXMOPZT43U2GKGR3YCBILXDMLAUZVBN27KGBOPKXRQ====
29958c29182
<                     OEASMEIE74Q5VXSPFJA2EEGBMEUEXFWW
---
>                     M24VKFRECBEGN3ZQNGSET723GFIPVHYX
29974,29988c29198
<                   <cell row="0">
<                     action.facelift-update
<                   </cell>
<                   <cell row="1">
<                     addsensor0.htm
<                   </cell>
<                   <cell row="2">
<                     help
<                   </cell>
<                   <cell row="3">
<                     theater.welcomepage-mapsvideo
<                   </cell>
<                   <cell row="4">
<                     theater.welcomepage-notificationvideo
<                   </cell>
---
>                   action.facelift-update
30018c29228
<                     A4WELVRVRLDC2PBWCOXVFKN74XVZZWRL2XDL7JQ6AMM4K6A=
---
>                     AQV57BCFXI6ZBNML4VFIAMNJCSLUGEKQ6SUVNMVYK624BSI=
30035,30086c29245
<                     RVGDJLZXDPMG7STHHQUKRQNOSMJF3DGXRCLIIEQK2IL42BO2F4AMAKMVXNVGWWTQRC3ETSTW
<                   </text>
<                   <target>
<                     100
<                   </target>
<                 </item>
<                 <item crypt="PRTG">
<                   <date>
<                     43522.112731956
<                   </date>
<                   <user>
<                     100
<                   </user>
<                   <op>
<                     504
<                   </op>
<                   <text>
<                     QN2K22X7SYIDOCDYRGAWILJFTB6O4RXCNP4OU3IRQEWVDRDRKL6M7FYYMMVTUHP37JEDN5T4
<                   </text>
<                   <target>
<                     100
<                   </target>
<                 </item>
<                 <item crypt="PRTG">
<                   <date>
<                     43522.1175808333
<                   </date>
<                   <user>
<                     100
<                   </user>
<                   <op>
<                     504
<                   </op>
<                   <text>
<                     NEIV4NH3YQN7Q5RGJEWYHSVVCQBIK524QJHQCWNPFAXUATIBJZMTI65V2MJEEISWCXJJWZWF
<                   </text>
<                   <target>
<                     100
<                   </target>
<                 </item>
<                 <item crypt="PRTG">
<                   <date>
<                     43522.1176370255
<                   </date>
<                   <user>
<                     100
<                   </user>
<                   <op>
<                     504
<                   </op>
<                   <text>
<                     X5GJ5KSC7IIA3FB6CHS5VZX77JSY7UDA577FJTGJCGN63WTV3PABOND47VKKHNGCX7GJPDDK
---
>                     2JMQCF42FD55N27XAVLN2UAZWRFESGCMI3TWGHNKGHHIGVNJIGWDKX5MFV7SGEFMXXKIPVUA
